141170
141160
141150
141140
141130
141120
141130
141120
141110
141100
141090
141080
141070
141060
141050
141040
141030
141020
141010
141000
140990
140980
140970
140960
140950
140940
140930
140920
140910
140900
140890
140880
140870
140860
140850
140840
140830
140820
140810
140800
140790
140780
140770
140760
140750
140740
140730
140720
140710
140700
140690
140680
140670
140660
140650
140640
140630
140620
140610
140600
140590
140580
140570
140560
140550
140540
140530
140520
140510
140500
140490
140480
140470
140460
140450
140440
140430
140410
140400
140390
140380
